199.28	2714.00
200.09	2718.00
200.89	2707.00
201.69	2710.00
202.50	2727.00
203.30	2711.00
204.10	2721.00
204.91	2717.00
205.71	2720.00
206.51	2718.00
207.32	2723.00
208.12	2727.00
208.92	2713.00
209.73	2720.00
210.53	2713.00
211.33	2716.00
212.13	2716.00
212.94	2719.00
213.74	2711.00
214.54	2722.00
215.34	2722.00
216.15	2724.00
216.95	2714.00
217.75	2729.00
218.55	2723.00
219.35	2713.00
220.16	2722.00
220.96	2737.00
221.76	2725.00
222.56	2721.00
223.36	2727.00
224.17	2728.00
224.97	2731.00
225.77	2720.00
226.57	2735.00
227.37	2735.00
228.17	2724.00
228.98	2722.00
229.78	2729.00
230.58	2730.00
231.38	2725.00
232.18	2725.00
232.98	2733.00
233.78	2729.00
234.58	2721.00
235.38	2728.00
236.19	2729.00
236.99	2729.00
237.79	2733.00
238.59	2729.00
239.39	2733.00
240.19	2728.00
240.99	2723.00
241.79	2735.00
242.59	2732.00
243.39	2735.00
244.19	2734.00
244.99	2734.00
245.79	2725.00
246.59	2742.00
247.39	2737.00
248.19	2736.00
248.99	2745.00
249.79	2748.00
250.59	2737.00
251.39	2742.00
252.19	2735.00
252.99	2743.00
253.79	2736.00
254.59	2731.00
255.39	2752.00
256.19	2745.00
256.99	2744.00
257.79	2746.00
258.59	2739.00
259.38	2748.00
260.18	2735.00
260.98	2746.00
261.78	2748.00
262.58	2751.00
263.38	2743.00
264.18	2750.00
264.98	2751.00
265.78	2758.00
266.57	2745.00
267.37	2756.00
268.17	2772.00
268.97	2768.00
269.77	2755.00
270.57	2758.00
271.36	2761.00
272.16	2766.00
272.96	2778.00
273.76	2775.00
274.56	2766.00
275.35	2763.00
276.15	2765.00
276.95	2764.00
277.75	2767.00
278.54	2781.00
279.34	2775.00
280.14	2777.00
280.94	2768.00
281.73	2783.00
282.53	2775.00
283.33	2784.00
284.13	2792.00
284.92	2779.00
285.72	2783.00
286.52	2785.00
287.31	2774.00
288.11	2778.00
288.91	2782.00
289.71	2790.00
290.50	2779.00
291.30	2787.00
292.09	2778.00
292.89	2782.00
293.69	2785.00
294.48	2782.00
295.28	2790.00
296.08	2784.00
296.87	2783.00
297.67	2792.00
298.47	2789.00
299.26	2787.00
300.06	2804.00
300.85	2797.00
301.65	2799.00
302.44	2800.00
303.24	2801.00
304.04	2797.00
304.83	2808.00
305.63	2810.00
306.42	2805.00
307.22	2808.00
308.01	2806.00
308.81	2808.00
309.60	2810.00
310.40	2823.00
311.19	2815.00
311.99	2815.00
312.78	2830.00
313.58	2830.00
314.37	2836.00
315.17	2827.00
315.96	2834.00
316.76	2830.00
317.55	2833.00
318.35	2844.00
319.14	2835.00
319.93	2848.00
320.73	2853.00
321.52	2837.00
322.32	2859.00
323.11	2859.00
323.91	2849.00
324.70	2859.00
325.49	2867.00
326.29	2869.00
327.08	2870.00
327.87	2878.00
328.67	2879.00
329.46	2878.00
330.26	2888.00
331.05	2888.00
331.84	2887.00
332.64	2896.00
333.43	2902.00
334.22	2925.00
335.02	2917.00
335.81	2920.00
336.60	2918.00
337.39	2930.00
338.19	2918.00
338.98	2941.00
339.77	2952.00
340.57	2955.00
341.36	2960.00
342.15	2972.00
342.94	2974.00
343.74	2973.00
344.53	2980.00
345.32	2994.00
346.11	3018.00
346.90	3029.00
347.70	3041.00
348.49	3061.00
349.28	3074.00
350.07	3067.00
350.86	3083.00
351.66	3104.00
352.45	3117.00
353.24	3136.00
354.03	3164.00
354.82	3197.00
355.61	3197.00
356.40	3223.00
357.20	3241.00
357.99	3257.00
358.78	3300.00
359.57	3316.00
360.36	3356.00
361.15	3383.00
361.94	3419.00
362.73	3460.00
363.52	3489.00
364.31	3521.00
365.11	3545.00
365.90	3603.00
366.69	3672.00
367.48	3739.00
368.27	3784.00
369.06	3850.00
369.85	3921.00
370.64	3983.00
371.43	4062.00
372.22	4214.00
373.01	4603.00
373.80	5226.00
374.59	5691.00
375.38	6282.00
376.17	6804.00
376.96	7126.00
377.75	7549.00
378.54	7943.00
379.33	8357.00
380.11	9099.00
380.90	9933.00
381.69	10903.00
382.48	11968.00
383.27	12673.00
384.06	13231.00
384.85	13912.00
385.64	14993.00
386.43	16731.00
387.22	18732.00
388.00	20722.00
388.79	22125.00
389.58	23258.00
390.37	24172.00
391.16	24913.00
391.95	26055.00
392.74	27249.00
393.52	28469.00
394.31	29529.00
395.10	30853.00
395.89	32093.00
396.68	33267.00
397.46	34720.00
398.25	35468.00
399.04	37098.00
399.83	38605.00
400.61	41125.00
401.40	44068.00
402.19	46443.00
402.98	49313.00
403.76	55937.00
404.55	65535.00
405.34	65535.00
406.13	65535.00
406.91	65535.00
407.70	65535.00
408.49	65535.00
409.27	65535.00
410.06	65535.00
410.85	65535.00
411.63	65535.00
412.42	65535.00
413.21	65535.00
413.99	22492.00
414.78	14683.00
415.57	12899.00
416.35	11594.00
417.14	10554.00
417.92	9823.00
418.71	9345.00
419.50	8837.00
420.28	8406.00
421.07	8038.00
421.85	7801.00
422.64	7576.00
423.43	7369.00
424.21	7103.00
425.00	6864.00
425.78	6580.00
426.57	6234.00
427.35	5810.00
428.14	5387.00
428.92	4911.00
429.71	4425.00
430.49	4027.00
431.28	3794.00
432.06	3694.00
432.85	3566.00
433.63	3496.00
434.42	3404.00
435.20	3348.00
435.99	3311.00
436.77	3270.00
437.55	3212.00
438.34	3153.00
439.12	3116.00
439.91	3091.00
440.69	3071.00
441.47	3031.00
442.26	3001.00
443.04	2969.00
443.83	2951.00
444.61	2924.00
445.39	2911.00
446.18	2886.00
446.96	2869.00
447.74	2847.00
448.53	2824.00
449.31	2817.00
450.09	2811.00
450.88	2794.00
451.66	2779.00
452.44	2763.00
453.23	2748.00
454.01	2742.00
454.79	2725.00
455.57	2727.00
456.36	2709.00
457.14	2718.00
457.92	2681.00
458.71	2689.00
459.49	2663.00
460.27	2659.00
461.05	2658.00
461.83	2653.00
462.62	2648.00
463.40	2639.00
464.18	2641.00
464.96	2634.00
465.74	2625.00
466.53	2618.00
467.31	2615.00
468.09	2617.00
468.87	2607.00
469.65	2604.00
470.43	2601.00
471.21	2588.00
472.00	2596.00
472.78	2589.00
473.56	2599.00
474.34	2597.00
475.12	2582.00
475.90	2593.00
476.68	2585.00
477.46	2587.00
478.24	2588.00
479.02	2587.00
479.80	2579.00
480.58	2586.00
481.37	2577.00
482.15	2569.00
482.93	2577.00
483.71	2576.00
484.49	2576.00
485.27	2569.00
486.05	2580.00
486.83	2566.00
487.61	2577.00
488.39	2569.00
489.17	2571.00
489.94	2575.00
490.72	2579.00
491.50	2578.00
492.28	2570.00
493.06	2579.00
493.84	2576.00
494.62	2580.00
495.40	2577.00
496.18	2577.00
496.96	2581.00
497.74	2582.00
498.52	2573.00
499.29	2579.00
500.07	2580.00
500.85	2574.00
501.63	2584.00
502.41	2578.00
503.19	2581.00
503.96	2586.00
504.74	2581.00
505.52	2586.00
506.30	2584.00
507.08	2586.00
507.85	2593.00
508.63	2596.00
509.41	2592.00
510.19	2584.00
510.97	2597.00
511.74	2590.00
512.52	2590.00
513.30	2604.00
514.08	2603.00
514.85	2601.00
515.63	2609.00
516.41	2615.00
517.18	2604.00
517.96	2603.00
518.74	2606.00
519.51	2615.00
520.29	2607.00
521.07	2607.00
521.84	2604.00
522.62	2605.00
523.40	2603.00
524.17	2604.00
524.95	2604.00
525.73	2598.00
526.50	2596.00
527.28	2595.00
528.05	2601.00
528.83	2599.00
529.61	2591.00
530.38	2601.00
531.16	2588.00
531.93	2586.00
532.71	2584.00
533.48	2575.00
534.26	2576.00
535.04	2583.00
535.81	2569.00
536.59	2570.00
537.36	2569.00
538.14	2571.00
538.91	2565.00
539.69	2561.00
540.46	2559.00
541.23	2559.00
542.01	2558.00
542.78	2545.00
543.56	2545.00
544.33	2537.00
545.11	2538.00
545.88	2542.00
546.66	2540.00
547.43	2531.00
548.20	2542.00
548.98	2519.00
549.75	2519.00
550.53	2523.00
551.30	2523.00
552.07	2513.00
552.85	2514.00
553.62	2513.00
554.39	2505.00
555.17	2503.00
555.94	2503.00
556.71	2501.00
557.49	2487.00
558.26	2489.00
559.03	2490.00
559.81	2490.00
560.58	2478.00
561.35	2473.00
562.12	2468.00
562.90	2468.00
563.67	2466.00
564.44	2470.00
565.21	2459.00
565.99	2455.00
566.76	2454.00
567.53	2454.00
568.30	2442.00
569.07	2447.00
569.85	2435.00
570.62	2437.00
571.39	2430.00
572.16	2429.00
572.93	2421.00
573.70	2415.00
574.48	2414.00
575.25	2422.00
576.02	2409.00
576.79	2405.00
577.56	2411.00
578.33	2396.00
579.10	2399.00
579.87	2392.00
580.64	2389.00
581.42	2394.00
582.19	2381.00
582.96	2376.00
583.73	2376.00
584.50	2376.00
585.27	2379.00
586.04	2374.00
586.81	2370.00
587.58	2365.00
588.35	2369.00
589.12	2356.00
589.89	2353.00
590.66	2350.00
591.43	2345.00
592.20	2343.00
592.97	2341.00
593.74	2339.00
594.51	2341.00
595.28	2337.00
596.04	2331.00
596.81	2331.00
597.58	2321.00
598.35	2330.00
599.12	2325.00
599.89	2321.00
600.66	2313.00
601.43	2324.00
602.20	2316.00
602.96	2314.00
603.73	2316.00
604.50	2321.00
605.27	2309.00
606.04	2305.00
606.81	2307.00
607.57	2302.00
608.34	2304.00
609.11	2300.00
609.88	2309.00
610.65	2298.00
611.41	2299.00
612.18	2297.00
612.95	2293.00
613.72	2281.00
614.48	2282.00
615.25	2274.00
616.02	2280.00
616.79	2277.00
617.55	2274.00
618.32	2280.00
619.09	2281.00
619.85	2271.00
620.62	2272.00
621.39	2270.00
622.15	2264.00
622.92	2260.00
623.69	2263.00
624.45	2265.00
625.22	2262.00
625.99	2262.00
626.75	2260.00
627.52	2261.00
628.28	2260.00
629.05	2254.00
629.82	2260.00
630.58	2257.00
631.35	2253.00
632.11	2249.00
632.88	2252.00
633.64	2256.00
634.41	2257.00
635.17	2257.00
635.94	2255.00
636.70	2257.00
637.47	2261.00
638.23	2267.00
639.00	2269.00
639.76	2266.00
640.53	2270.00
641.29	2275.00
642.06	2275.00
642.82	2279.00
643.59	2284.00
644.35	2286.00
645.11	2293.00
645.88	2299.00
646.64	2315.00
647.41	2319.00
648.17	2334.00
648.93	2345.00
649.70	2356.00
650.46	2373.00
651.23	2396.00
651.99	2406.00
652.75	2419.00
653.52	2441.00
654.28	2458.00
655.04	2482.00
655.81	2501.00
656.57	2527.00
657.33	2555.00
658.09	2590.00
658.86	2623.00
659.62	2669.00
660.38	2709.00
661.14	2753.00
661.91	2829.00
662.67	2887.00
663.43	2937.00
664.19	3022.00
664.96	3092.00
665.72	3193.00
666.48	3281.00
667.24	3386.00
668.00	3506.00
668.77	3626.00
669.53	3747.00
670.29	3880.00
671.05	4024.00
671.81	4160.00
672.57	4320.00
673.33	4453.00
674.10	4644.00
674.86	4827.00
675.62	4989.00
676.38	5180.00
677.14	5372.00
677.90	5571.00
678.66	5789.00
679.42	5973.00
680.18	6197.00
680.94	6336.00
681.70	6493.00
682.46	6626.00
683.22	6698.00
683.98	6748.00
684.74	6731.00
685.50	6711.00
686.26	6587.00
687.02	6486.00
687.78	6299.00
688.54	6104.00
689.30	5934.00
690.06	5727.00
690.82	5542.00
691.58	5344.00
692.34	5163.00
693.10	4988.00
693.86	4864.00
694.61	4687.00
695.37	4550.00
696.13	4455.00
696.89	4357.00
697.65	4238.00
698.41	4153.00
699.17	4090.00
699.92	4005.00
700.68	3931.00
701.44	3882.00
702.20	3832.00
702.96	3787.00
703.72	3738.00
704.47	3701.00
705.23	3671.00
705.99	3653.00
706.75	3614.00
707.50	3602.00
708.26	3568.00
709.02	3553.00
709.78	3541.00
710.53	3518.00
711.29	3509.00
712.05	3487.00
712.80	3508.00
713.56	3505.00
714.32	3491.00
715.07	3484.00
715.83	3490.00
716.59	3503.00
717.34	3466.00
718.10	3500.00
718.86	3485.00
719.61	3483.00
720.37	3476.00
721.12	3487.00
721.88	3487.00
722.64	3484.00
723.39	3484.00
724.15	3460.00
724.90	3441.00
725.66	3482.00
726.41	3458.00
727.17	3473.00
727.92	3445.00
728.68	3471.00
729.43	3472.00
730.19	3465.00
730.94	3449.00
731.70	3443.00
732.45	3450.00
733.21	3451.00
733.96	3445.00
734.72	3419.00
735.47	3420.00
736.23	3411.00
736.98	3423.00
737.73	3421.00
738.49	3409.00
739.24	3384.00
740.00	3388.00
740.75	3374.00
741.50	3374.00
742.26	3335.00
743.01	3317.00
743.76	3301.00
744.52	3300.00
745.27	3281.00
746.02	3247.00
746.78	3227.00
747.53	3209.00
748.28	3199.00
749.04	3149.00
749.79	3125.00
750.54	3084.00
751.29	3073.00
752.05	3055.00
752.80	3022.00
753.55	3001.00
754.30	2967.00
755.06	2935.00
755.81	2916.00
756.56	2891.00
757.31	2858.00
758.06	2821.00
758.82	2808.00
759.57	2797.00
760.32	2778.00
761.07	2773.00
761.82	2748.00
762.57	2727.00
763.32	2711.00
764.07	2685.00
764.83	2669.00
765.58	2647.00
766.33	2605.00
767.08	2598.00
767.83	2578.00
768.58	2563.00
769.33	2548.00
770.08	2530.00
770.83	2499.00
771.58	2491.00
772.33	2471.00
773.08	2463.00
773.83	2447.00
774.58	2433.00
775.33	2418.00
776.08	2408.00
776.83	2400.00
777.58	2393.00
778.33	2378.00
779.08	2363.00
779.83	2358.00
780.58	2343.00
781.33	2341.00
782.08	2335.00
782.82	2322.00
783.57	2310.00
784.32	2309.00
785.07	2306.00
785.82	2306.00
786.57	2299.00
787.32	2288.00
788.07	2279.00
788.81	2282.00
789.56	2278.00
790.31	2274.00
791.06	2266.00
791.81	2257.00
792.55	2257.00
793.30	2254.00
794.05	2255.00
794.80	2253.00
795.54	2255.00
796.29	2244.00
797.04	2238.00
797.79	2244.00
798.53	2235.00
799.28	2240.00
800.03	2238.00
800.77	2229.00
801.52	2224.00
802.27	2222.00
803.01	2225.00
803.76	2221.00
804.51	2219.00
805.25	2212.00
806.00	2215.00
806.74	2215.00
807.49	2207.00
808.24	2206.00
808.98	2203.00
809.73	2206.00
810.47	2199.00
811.22	2204.00
811.97	2199.00
812.71	2203.00
813.46	2196.00
814.20	2197.00
814.95	2201.00
815.69	2224.00
816.44	2233.00
817.18	2197.00
817.93	2186.00
818.67	2183.00
819.42	2180.00
820.16	2176.00
820.90	2179.00
821.65	2178.00
822.39	2177.00
823.14	2175.00
823.88	2161.00
824.63	2161.00
825.37	2162.00
826.11	2160.00
826.86	2163.00
827.60	2159.00
828.34	2157.00
829.09	2156.00
829.83	2153.00
830.57	2155.00
831.32	2153.00
832.06	2153.00
832.80	2149.00
833.55	2148.00
834.29	2145.00
835.03	2142.00
835.77	2141.00
836.52	2143.00
837.26	2141.00
838.00	2141.00
838.74	2139.00
839.49	2134.00
840.23	2134.00
840.97	2130.00
841.71	2132.00
842.45	2134.00
843.20	2132.00
843.94	2128.00
844.68	2126.00
845.42	2127.00
846.16	2122.00
846.90	2122.00
847.64	2123.00
848.39	2123.00
849.13	2119.00
849.87	2119.00
850.61	2117.00
851.35	2113.00
852.09	2116.00
852.83	2118.00
853.57	2114.00
854.31	2113.00
855.05	2108.00
855.79	2109.00
856.53	2110.00
857.27	2108.00
858.01	2113.00
858.75	2108.00
859.49	2106.00
860.23	2105.00
860.97	2104.00
861.71	2101.00
862.45	2103.00
863.19	2104.00
863.93	2103.00
864.67	2100.00
865.41	2100.00
866.14	2100.00
866.88	2100.00
867.62	2098.00
868.36	2099.00
869.10	2096.00
869.84	2095.00
870.58	2094.00
871.31	2094.00
872.05	2095.00
872.79	2093.00
873.53	2098.00
874.27	2091.00
875.00	2091.00
875.74	2090.00
876.48	2090.00
877.22	2091.00
877.95	2090.00
878.69	2090.00
879.43	2088.00
880.17	2088.00
880.90	2088.00
881.64	2089.00
882.38	2087.00
883.11	2090.00
883.85	2087.00
884.59	2088.00
885.32	2086.00
886.06	2088.00
886.80	2086.00
887.53	2086.00
888.27	2086.00
889.01	2086.00
889.74	2085.00
890.48	2083.00
891.21	2084.00
891.95	2088.00
892.68	2084.00
893.42	2083.00
894.16	2084.00
894.89	2084.00
895.63	2084.00
896.36	2084.00
897.10	2083.00
897.83	2082.00
898.57	2083.00
899.30	2085.00
900.03	2083.00
900.77	2082.00
901.50	2084.00
902.24	2081.00
902.97	2081.00
903.71	2082.00
904.44	2082.00
905.17	2079.00
905.91	2081.00
906.64	2081.00
907.38	2080.00
908.11	2080.00
908.84	2081.00
909.58	2081.00
910.31	2078.00
911.04	2078.00
911.78	2079.00
912.51	2081.00
913.24	2080.00
913.98	2080.00
914.71	2079.00
915.44	2077.00
916.17	2079.00
916.91	2078.00
917.64	2078.00
918.37	2077.00
919.10	2079.00
919.83	2079.00
920.57	2078.00
921.30	2078.00
922.03	2078.00
922.76	2078.00
923.49	2079.00
924.23	2077.00
924.96	2078.00
925.69	2077.00
926.42	2077.00
927.15	2077.00
927.88	2077.00
928.61	2079.00
929.34	2076.00
930.07	2075.00
930.81	2075.00
931.54	2074.00
932.27	2078.00
933.00	2075.00
933.73	2077.00
934.46	2077.00
935.19	2076.00
935.92	2075.00
936.65	2075.00
937.38	2077.00
938.11	2076.00
938.84	2075.00
939.57	2076.00
940.30	2075.00
941.02	2074.00
941.75	2075.00
942.48	2076.00
943.21	2075.00
943.94	2075.00
944.67	2074.00
945.40	2074.00
946.13	2075.00
946.86	2076.00
947.58	2075.00
948.31	2074.00
949.04	2075.00
949.77	2074.00
950.50	2072.00
951.23	2076.00
951.95	2074.00
952.68	2074.00
953.41	2074.00
954.14	2076.00
954.86	2076.00
955.59	2076.00
956.32	2076.00
957.05	2074.00
957.77	2074.00
958.50	2076.00
959.23	2075.00
959.95	2075.00
960.68	2074.00
961.41	2074.00
962.13	2074.00
962.86	2075.00
963.59	2074.00
964.31	2076.00
965.04	2076.00
965.77	2074.00
966.49	2074.00
967.22	2073.00
967.94	2075.00
968.67	2075.00
969.39	2071.00
970.12	2075.00
970.85	2076.00
971.57	2076.00
972.30	2073.00
973.02	2075.00
973.75	2075.00
974.47	2074.00
975.20	2074.00
975.92	2075.00
976.65	2073.00
977.37	2075.00
978.09	2075.00
978.82	2076.00
979.54	2074.00
980.27	2075.00
980.99	2075.00
981.71	2075.00
982.44	2076.00
983.16	2077.00
983.89	2076.00
984.61	2071.00
985.33	2662.00
986.06	2665.00
986.78	2667.00
987.50	2724.00
988.23	2709.00
988.95	2715.00
989.67	2709.00
990.39	2711.00
991.12	2725.00
991.84	2077.00
992.56	2076.00
993.28	2076.00
994.01	2075.00
994.73	2077.00
995.45	2075.00
996.17	2070.00
996.89	2072.00
997.62	2072.00
998.34	2072.00
