199.28	2075.00
200.09	2073.00
200.89	2074.00
201.69	2070.00
202.50	2071.00
203.30	2074.00
204.10	2075.00
204.91	2072.00
205.71	2073.00
206.51	2072.00
207.32	2073.00
208.12	2074.00
208.92	2072.00
209.73	2071.00
210.53	2071.00
211.33	2072.00
212.13	2075.00
212.94	2072.00
213.74	2074.00
214.54	2073.00
215.34	2075.00
216.15	2071.00
216.95	2074.00
217.75	2074.00
218.55	2074.00
219.35	2073.00
220.16	2074.00
220.96	2075.00
221.76	2076.00
222.56	2072.00
223.36	2075.00
224.17	2074.00
224.97	2075.00
225.77	2073.00
226.57	2075.00
227.37	2074.00
228.17	2075.00
228.98	2073.00
229.78	2076.00
230.58	2074.00
231.38	2073.00
232.18	2073.00
232.98	2074.00
233.78	2074.00
234.58	2073.00
235.38	2075.00
236.19	2075.00
236.99	2076.00
237.79	2073.00
238.59	2075.00
239.39	2074.00
240.19	2077.00
240.99	2077.00
241.79	2073.00
242.59	2075.00
243.39	2075.00
244.19	2074.00
244.99	2074.00
245.79	2074.00
246.59	2073.00
247.39	2075.00
248.19	2075.00
248.99	2076.00
249.79	2074.00
250.59	2076.00
251.39	2076.00
252.19	2073.00
252.99	2075.00
253.79	2077.00
254.59	2074.00
255.39	2076.00
256.19	2076.00
256.99	2074.00
257.79	2078.00
258.59	2076.00
259.38	2075.00
260.18	2075.00
260.98	2077.00
261.78	2077.00
262.58	2075.00
263.38	2075.00
264.18	2076.00
264.98	2077.00
265.78	2077.00
266.57	2076.00
267.37	2077.00
268.17	2076.00
268.97	2077.00
269.77	2075.00
270.57	2076.00
271.36	2077.00
272.16	2077.00
272.96	2078.00
273.76	2077.00
274.56	2077.00
275.35	2079.00
276.15	2080.00
276.95	2078.00
277.75	2078.00
278.54	2078.00
279.34	2078.00
280.14	2078.00
280.94	2078.00
281.73	2080.00
282.53	2081.00
283.33	2077.00
284.13	2078.00
284.92	2078.00
285.72	2078.00
286.52	2079.00
287.31	2080.00
288.11	2080.00
288.91	2080.00
289.71	2079.00
290.50	2079.00
291.30	2081.00
292.09	2080.00
292.89	2079.00
293.69	2078.00
294.48	2080.00
295.28	2081.00
296.08	2081.00
296.87	2078.00
297.67	2080.00
298.47	2081.00
299.26	2080.00
300.06	2078.00
300.85	2078.00
301.65	2081.00
302.44	2082.00
303.24	2081.00
304.04	2078.00
304.83	2083.00
305.63	2082.00
306.42	2079.00
307.22	2081.00
308.01	2083.00
308.81	2081.00
309.60	2082.00
310.40	2083.00
311.19	2082.00
311.99	2084.00
312.78	2084.00
313.58	2083.00
314.37	2083.00
315.17	2083.00
315.96	2084.00
316.76	2084.00
317.55	2083.00
318.35	2084.00
319.14	2083.00
319.93	2084.00
320.73	2082.00
321.52	2085.00
322.32	2085.00
323.11	2084.00
323.91	2083.00
324.70	2088.00
325.49	2088.00
326.29	2086.00
327.08	2087.00
327.87	2088.00
328.67	2087.00
329.46	2088.00
330.26	2091.00
331.05	2090.00
331.84	2089.00
332.64	2090.00
333.43	2089.00
334.22	2091.00
335.02	2091.00
335.81	2093.00
336.60	2091.00
337.39	2092.00
338.19	2093.00
338.98	2091.00
339.77	2091.00
340.57	2092.00
341.36	2095.00
342.15	2096.00
342.94	2094.00
343.74	2095.00
344.53	2097.00
345.32	2099.00
346.11	2101.00
346.90	2101.00
347.70	2104.00
348.49	2103.00
349.28	2104.00
350.07	2104.00
350.86	2105.00
351.66	2107.00
352.45	2109.00
353.24	2108.00
354.03	2112.00
354.82	2113.00
355.61	2118.00
356.40	2118.00
357.20	2117.00
357.99	2123.00
358.78	2121.00
359.57	2124.00
360.36	2127.00
361.15	2128.00
361.94	2129.00
362.73	2132.00
363.52	2139.00
364.31	2140.00
365.11	2144.00
365.90	2152.00
366.69	2155.00
367.48	2159.00
368.27	2166.00
369.06	2172.00
369.85	2177.00
370.64	2182.00
371.43	2191.00
372.22	2206.00
373.01	2253.00
373.80	2304.00
374.59	2355.00
375.38	2410.00
376.17	2447.00
376.96	2469.00
377.75	2497.00
378.54	2529.00
379.33	2576.00
380.11	2651.00
380.90	2720.00
381.69	2811.00
382.48	2890.00
383.27	2922.00
384.06	2969.00
384.85	3019.00
385.64	3117.00
386.43	3288.00
387.22	3459.00
388.00	3641.00
388.79	3736.00
389.58	3831.00
390.37	3876.00
391.16	3928.00
391.95	4026.00
392.74	4083.00
393.52	4191.00
394.31	4263.00
395.10	4370.00
395.89	4486.00
396.68	4561.00
397.46	4675.00
398.25	4740.00
399.04	4856.00
399.83	5019.00
400.61	5166.00
401.40	5477.00
402.19	5725.00
402.98	5963.00
403.76	6652.00
404.55	8761.00
405.34	19906.00
406.13	65535.00
406.91	65535.00
407.70	65535.00
408.49	65535.00
409.27	65535.00
410.06	65535.00
410.85	65535.00
411.63	10818.00
412.42	4395.00
413.21	3857.00
413.99	3539.00
414.78	3313.00
415.57	3142.00
416.35	3005.00
417.14	2913.00
417.92	2837.00
418.71	2780.00
419.50	2738.00
420.28	2701.00
421.07	2669.00
421.85	2644.00
422.64	2632.00
423.43	2619.00
424.21	2598.00
425.00	2579.00
425.78	2561.00
426.57	2526.00
427.35	2474.00
428.14	2411.00
428.92	2356.00
429.71	2295.00
430.49	2254.00
431.28	2239.00
432.06	2227.00
432.85	2216.00
433.63	2210.00
434.42	2201.00
435.20	2199.00
435.99	2196.00
436.77	2191.00
437.55	2191.00
438.34	2186.00
439.12	2185.00
439.91	2183.00
440.69	2175.00
441.47	2174.00
442.26	2175.00
443.04	2174.00
443.83	2172.00
444.61	2174.00
445.39	2168.00
446.18	2167.00
446.96	2165.00
447.74	2169.00
448.53	2166.00
449.31	2163.00
450.09	2162.00
450.88	2164.00
451.66	2162.00
452.44	2158.00
453.23	2159.00
454.01	2159.00
454.79	2159.00
455.57	2159.00
456.36	2157.00
457.14	2158.00
457.92	2157.00
458.71	2154.00
459.49	2158.00
460.27	2156.00
461.05	2152.00
461.83	2157.00
462.62	2159.00
463.40	2158.00
464.18	2156.00
464.96	2153.00
465.74	2156.00
466.53	2154.00
467.31	2157.00
468.09	2157.00
468.87	2151.00
469.65	2154.00
470.43	2155.00
471.21	2154.00
472.00	2158.00
472.78	2154.00
473.56	2154.00
474.34	2153.00
475.12	2153.00
475.90	2152.00
476.68	2151.00
477.46	2150.00
478.24	2152.00
479.02	2152.00
479.80	2148.00
480.58	2154.00
481.37	2152.00
482.15	2150.00
482.93	2150.00
483.71	2150.00
484.49	2155.00
485.27	2152.00
486.05	2151.00
486.83	2152.00
487.61	2152.00
488.39	2152.00
489.17	2151.00
489.94	2152.00
490.72	2157.00
491.50	2155.00
492.28	2155.00
493.06	2158.00
493.84	2158.00
494.62	2154.00
495.40	2156.00
496.18	2161.00
496.96	2163.00
497.74	2162.00
498.52	2166.00
499.29	2161.00
500.07	2167.00
500.85	2168.00
501.63	2167.00
502.41	2170.00
503.19	2176.00
503.96	2177.00
504.74	2180.00
505.52	2179.00
506.30	2182.00
507.08	2181.00
507.85	2189.00
508.63	2188.00
509.41	2188.00
510.19	2189.00
510.97	2193.00
511.74	2196.00
512.52	2200.00
513.30	2202.00
514.08	2205.00
514.85	2207.00
515.63	2209.00
516.41	2212.00
517.18	2216.00
517.96	2215.00
518.74	2220.00
519.51	2223.00
520.29	2221.00
521.07	2228.00
521.84	2228.00
522.62	2231.00
523.40	2234.00
524.17	2233.00
524.95	2236.00
525.73	2238.00
526.50	2243.00
527.28	2243.00
528.05	2244.00
528.83	2244.00
529.61	2247.00
530.38	2249.00
531.16	2251.00
531.93	2258.00
532.71	2252.00
533.48	2251.00
534.26	2263.00
535.04	2261.00
535.81	2261.00
536.59	2257.00
537.36	2261.00
538.14	2259.00
538.91	2269.00
539.69	2264.00
540.46	2261.00
541.23	2271.00
542.01	2267.00
542.78	2265.00
543.56	2267.00
544.33	2268.00
545.11	2273.00
545.88	2271.00
546.66	2271.00
547.43	2271.00
548.20	2269.00
548.98	2266.00
549.75	2273.00
550.53	2261.00
551.30	2272.00
552.07	2270.00
552.85	2270.00
553.62	2265.00
554.39	2260.00
555.17	2264.00
555.94	2258.00
556.71	2267.00
557.49	2260.00
558.26	2259.00
559.03	2263.00
559.81	2261.00
560.58	2258.00
561.35	2262.00
562.12	2260.00
562.90	2260.00
563.67	2257.00
564.44	2256.00
565.21	2260.00
565.99	2254.00
566.76	2258.00
567.53	2257.00
568.30	2260.00
569.07	2255.00
569.85	2256.00
570.62	2249.00
571.39	2255.00
572.16	2255.00
572.93	2252.00
573.70	2252.00
574.48	2249.00
575.25	2249.00
576.02	2250.00
576.79	2250.00
577.56	2248.00
578.33	2246.00
579.10	2241.00
579.87	2240.00
580.64	2243.00
581.42	2239.00
582.19	2237.00
582.96	2239.00
583.73	2238.00
584.50	2238.00
585.27	2238.00
586.04	2229.00
586.81	2230.00
587.58	2233.00
588.35	2230.00
589.12	2229.00
589.89	2230.00
590.66	2226.00
591.43	2221.00
592.20	2218.00
592.97	2221.00
593.74	2222.00
594.51	2220.00
595.28	2216.00
596.04	2217.00
596.81	2216.00
597.58	2218.00
598.35	2214.00
599.12	2215.00
599.89	2210.00
600.66	2211.00
601.43	2208.00
602.20	2207.00
602.96	2204.00
603.73	2208.00
604.50	2201.00
605.27	2206.00
606.04	2200.00
606.81	2202.00
607.57	2204.00
608.34	2201.00
609.11	2198.00
609.88	2197.00
610.65	2199.00
611.41	2195.00
612.18	2195.00
612.95	2196.00
613.72	2193.00
614.48	2196.00
615.25	2189.00
616.02	2189.00
616.79	2187.00
617.55	2188.00
618.32	2188.00
619.09	2190.00
619.85	2188.00
620.62	2186.00
621.39	2185.00
622.15	2185.00
622.92	2180.00
623.69	2178.00
624.45	2178.00
625.22	2179.00
625.99	2175.00
626.75	2178.00
627.52	2172.00
628.28	2174.00
629.05	2172.00
629.82	2175.00
630.58	2172.00
631.35	2171.00
632.11	2174.00
632.88	2168.00
633.64	2169.00
634.41	2170.00
635.17	2166.00
635.94	2164.00
636.70	2167.00
637.47	2166.00
638.23	2165.00
639.00	2164.00
639.76	2162.00
640.53	2163.00
641.29	2160.00
642.06	2164.00
642.82	2156.00
643.59	2160.00
644.35	2157.00
645.11	2151.00
645.88	2156.00
646.64	2154.00
647.41	2158.00
648.17	2155.00
648.93	2158.00
649.70	2154.00
650.46	2155.00
651.23	2154.00
651.99	2150.00
652.75	2152.00
653.52	2148.00
654.28	2149.00
655.04	2150.00
655.81	2151.00
656.57	2152.00
657.33	2152.00
658.09	2147.00
658.86	2148.00
659.62	2146.00
660.38	2151.00
661.14	2151.00
661.91	2149.00
662.67	2152.00
663.43	2149.00
664.19	2152.00
664.96	2152.00
665.72	2152.00
666.48	2157.00
667.24	2154.00
668.00	2159.00
668.77	2158.00
669.53	2159.00
670.29	2156.00
671.05	2157.00
671.81	2155.00
672.57	2159.00
673.33	2159.00
674.10	2168.00
674.86	2164.00
675.62	2162.00
676.38	2162.00
677.14	2161.00
677.90	2163.00
678.66	2168.00
679.42	2161.00
680.18	2164.00
680.94	2161.00
681.70	2162.00
682.46	2160.00
683.22	2155.00
683.98	2161.00
684.74	2154.00
685.50	2154.00
686.26	2152.00
687.02	2149.00
687.78	2147.00
688.54	2147.00
689.30	2145.00
690.06	2144.00
690.82	2138.00
691.58	2135.00
692.34	2132.00
693.10	2132.00
693.86	2132.00
694.61	2135.00
695.37	2128.00
696.13	2130.00
696.89	2128.00
697.65	2125.00
698.41	2121.00
699.17	2121.00
699.92	2123.00
700.68	2122.00
701.44	2117.00
702.20	2121.00
702.96	2119.00
703.72	2119.00
704.47	2115.00
705.23	2119.00
705.99	2115.00
706.75	2114.00
707.50	2116.00
708.26	2112.00
709.02	2112.00
709.78	2113.00
710.53	2112.00
711.29	2113.00
712.05	2110.00
712.80	2112.00
713.56	2111.00
714.32	2111.00
715.07	2107.00
715.83	2110.00
716.59	2110.00
717.34	2111.00
718.10	2107.00
718.86	2109.00
719.61	2113.00
720.37	2108.00
721.12	2106.00
721.88	2108.00
722.64	2107.00
723.39	2107.00
724.15	2105.00
724.90	2107.00
725.66	2103.00
726.41	2106.00
727.17	2106.00
727.92	2103.00
728.68	2105.00
729.43	2103.00
730.19	2102.00
730.94	2103.00
731.70	2102.00
732.45	2102.00
733.21	2101.00
733.96	2100.00
734.72	2099.00
735.47	2099.00
736.23	2100.00
736.98	2098.00
737.73	2102.00
738.49	2099.00
739.24	2102.00
740.00	2097.00
740.75	2097.00
741.50	2096.00
742.26	2098.00
743.01	2098.00
743.76	2094.00
744.52	2097.00
745.27	2097.00
746.02	2093.00
746.78	2094.00
747.53	2094.00
748.28	2094.00
749.04	2094.00
749.79	2091.00
750.54	2094.00
751.29	2095.00
752.05	2094.00
752.80	2091.00
753.55	2092.00
754.30	2093.00
755.06	2093.00
755.81	2089.00
756.56	2091.00
757.31	2090.00
758.06	2090.00
758.82	2086.00
759.57	2090.00
760.32	2091.00
761.07	2090.00
761.82	2089.00
762.57	2088.00
763.32	2088.00
764.07	2086.00
764.83	2085.00
765.58	2087.00
766.33	2085.00
767.08	2087.00
767.83	2086.00
768.58	2087.00
769.33	2087.00
770.08	2085.00
770.83	2085.00
771.58	2086.00
772.33	2084.00
773.08	2082.00
773.83	2084.00
774.58	2084.00
775.33	2083.00
776.08	2081.00
776.83	2083.00
777.58	2082.00
778.33	2083.00
779.08	2080.00
779.83	2082.00
780.58	2079.00
781.33	2081.00
782.08	2079.00
782.82	2081.00
783.57	2082.00
784.32	2083.00
785.07	2084.00
785.82	2081.00
786.57	2079.00
787.32	2082.00
788.07	2081.00
788.81	2082.00
789.56	2080.00
790.31	2082.00
791.06	2078.00
791.81	2080.00
792.55	2080.00
793.30	2078.00
794.05	2077.00
794.80	2079.00
795.54	2079.00
796.29	2078.00
797.04	2077.00
797.79	2077.00
798.53	2082.00
799.28	2080.00
800.03	2078.00
800.77	2079.00
801.52	2080.00
802.27	2078.00
803.01	2077.00
803.76	2079.00
804.51	2078.00
805.25	2078.00
806.00	2076.00
806.74	2078.00
807.49	2078.00
808.24	2080.00
808.98	2078.00
809.73	2077.00
810.47	2078.00
811.22	2075.00
811.97	2078.00
812.71	2078.00
813.46	2076.00
814.20	2077.00
814.95	2077.00
815.69	2080.00
816.44	2078.00
817.18	2079.00
817.93	2078.00
818.67	2076.00
819.42	2076.00
820.16	2075.00
820.90	2078.00
821.65	2077.00
822.39	2074.00
823.14	2074.00
823.88	2075.00
824.63	2074.00
825.37	2076.00
826.11	2075.00
826.86	2076.00
827.60	2076.00
828.34	2076.00
829.09	2075.00
829.83	2075.00
830.57	2077.00
831.32	2073.00
832.06	2074.00
832.80	2074.00
833.55	2075.00
834.29	2075.00
835.03	2076.00
835.77	2071.00
836.52	2075.00
837.26	2075.00
838.00	2075.00
838.74	2074.00
839.49	2073.00
840.23	2076.00
840.97	2075.00
841.71	2071.00
842.45	2072.00
843.20	2074.00
843.94	2075.00
844.68	2073.00
845.42	2073.00
846.16	2073.00
846.90	2075.00
847.64	2074.00
848.39	2074.00
849.13	2073.00
849.87	2072.00
850.61	2075.00
851.35	2071.00
852.09	2072.00
852.83	2075.00
853.57	2073.00
854.31	2072.00
855.05	2074.00
855.79	2076.00
856.53	2074.00
857.27	2072.00
858.01	2071.00
858.75	2072.00
859.49	2072.00
860.23	2072.00
860.97	2072.00
861.71	2072.00
862.45	2073.00
863.19	2073.00
863.93	2070.00
864.67	2072.00
865.41	2073.00
866.14	2072.00
866.88	2073.00
867.62	2071.00
868.36	2074.00
869.10	2073.00
869.84	2072.00
870.58	2071.00
871.31	2072.00
872.05	2074.00
872.79	2074.00
873.53	2074.00
874.27	2072.00
875.00	2072.00
875.74	2071.00
876.48	2069.00
877.22	2070.00
877.95	2072.00
878.69	2073.00
879.43	2070.00
880.17	2071.00
880.90	2071.00
881.64	2073.00
882.38	2070.00
883.11	2070.00
883.85	2071.00
884.59	2071.00
885.32	2071.00
886.06	2070.00
886.80	2073.00
887.53	2072.00
888.27	2070.00
889.01	2071.00
889.74	2072.00
890.48	2072.00
891.21	2071.00
891.95	2072.00
892.68	2070.00
893.42	2072.00
894.16	2071.00
894.89	2072.00
895.63	2073.00
896.36	2071.00
897.10	2070.00
897.83	2070.00
898.57	2070.00
899.30	2070.00
900.03	2072.00
900.77	2071.00
901.50	2070.00
902.24	2070.00
902.97	2071.00
903.71	2070.00
904.44	2071.00
905.17	2072.00
905.91	2071.00
906.64	2070.00
907.38	2071.00
908.11	2070.00
908.84	2070.00
909.58	2071.00
910.31	2072.00
911.04	2072.00
911.78	2070.00
912.51	2070.00
913.24	2071.00
913.98	2068.00
914.71	2073.00
915.44	2070.00
916.17	2068.00
916.91	2070.00
917.64	2068.00
918.37	2070.00
919.10	2070.00
919.83	2070.00
920.57	2070.00
921.30	2071.00
922.03	2070.00
922.76	2072.00
923.49	2072.00
924.23	2071.00
924.96	2073.00
925.69	2071.00
926.42	2071.00
927.15	2072.00
927.88	2072.00
928.61	2069.00
929.34	2071.00
930.07	2072.00
930.81	2069.00
931.54	2068.00
932.27	2070.00
933.00	2070.00
933.73	2069.00
934.46	2068.00
935.19	2070.00
935.92	2071.00
936.65	2070.00
937.38	2070.00
938.11	2070.00
938.84	2072.00
939.57	2072.00
940.30	2071.00
941.02	2071.00
941.75	2072.00
942.48	2072.00
943.21	2068.00
943.94	2070.00
944.67	2070.00
945.40	2069.00
946.13	2070.00
946.86	2070.00
947.58	2071.00
948.31	2069.00
949.04	2070.00
949.77	2069.00
950.50	2071.00
951.23	2070.00
951.95	2069.00
952.68	2068.00
953.41	2069.00
954.14	2070.00
954.86	2068.00
955.59	2071.00
956.32	2070.00
957.05	2071.00
957.77	2072.00
958.50	2069.00
959.23	2070.00
959.95	2071.00
960.68	2072.00
961.41	2069.00
962.13	2069.00
962.86	2070.00
963.59	2071.00
964.31	2071.00
965.04	2068.00
965.77	2071.00
966.49	2071.00
967.22	2071.00
967.94	2069.00
968.67	2069.00
969.39	2071.00
970.12	2071.00
970.85	2069.00
971.57	2069.00
972.30	2070.00
973.02	2070.00
973.75	2070.00
974.47	2070.00
975.20	2069.00
975.92	2071.00
976.65	2072.00
977.37	2071.00
978.09	2069.00
978.82	2070.00
979.54	2071.00
980.27	2070.00
980.99	2069.00
981.71	2069.00
982.44	2072.00
983.16	2069.00
983.89	2068.00
984.61	2069.00
985.33	2067.00
986.06	2069.00
986.78	2066.00
987.50	2071.00
988.23	2073.00
988.95	2073.00
989.67	2073.00
990.39	2073.00
991.12	2074.00
991.84	2071.00
992.56	2070.00
993.28	2070.00
994.01	2069.00
994.73	2070.00
995.45	2073.00
996.17	2069.00
996.89	2067.00
997.62	2067.00
998.34	2067.00
